303031
303032
303033
303034
303035
303036
303037
303038
303039
303130
303131
303132
303133
303134
303135
303136
303137
303138
303139
303230
303231
303232
303233
303234
303235
303236
303237
303238
303239
303330
303331
303332
303333
303334
303335
303336
303337
303338
303339
303430
303431
303432
303433
303434
303435
303436
303437
303438
303439
303530
303531
303532
303533
303534
303535
303536
303537
303538
303539
303630
303631
303632
303633
303634
303635
303636
303637
303638
303639
303730
303731
303732
303733
303734
303735
303736
303737
303738
303739
303830
303831
303832
303833
303834
303835
303836
303837
303838
303839
303930
303931
303932
303933
303934
303935
303936
303937
303938
303939
313030
